414
208
149
176
200
336
172
222
15
395
127
176
323
52
94
27
464
257
401
243
131
281
399
21
349
4
451
315
272
199
441
403
414
397
217
49
402
253
114
215
45
34
264
260
165
278
278
173
194
55
142
373
337
424
88
146
21
175
23
42
452
468
31
199
73
420
72
18
361
490
91
185
327
335
336
145
207
73
403
249
192
72
6
221
225
379
262
325
81
182
309
405
155
88
394
220
120
259
267
61
309
117
194
484
471
47
472
52
349
469
450
113
363
379
330
390
393
105
398
160
406
326
233
95
314
252
14
304
81
77
176
354
300
418
306
106
216
81
296
140
317
318
230
299
391
284
109
318
403
260
189
369
197
142
302
163
59
266
204
409
30
200
65
173
188
278
205
264
281
355
261
458
40
131
415
140
137
288
377
317
303
85
124
88
200
202
434
121
329
118
407
209
492
258
94
50
148
399
179
432
193
255
128
91
178
218
268
140
203
451
396
466
320
25
387
172
262
62
209
293
60
328
492
77
18
314
40
80
173
416
457
165
497
346
430
139
465
205
65
365
122
182
138
276
61
292
116
202
452
147
403
131
253
4
493
323
183
183
431
61
448
290
121
442
292
261
154
135
451
485
262
385
318
427
122
115
211
376
74
345
87
201
423
385
211
219
192
414
56
69
376
112
323
443
224
218
426
361
241
382
186
53
63
418
125
399
33
29
250
463
192
346
494
412
348
407
391
95
473
149
156
335
493
369
237
495
108
279
241
305
244
377
185
282
452
54
257
409
55
321
75
290
287
182
336
284
205
187
438
499
447
245
142
327
111
208
301
433
392
400
261
288
32
309
487
267
240
145
103
14
263
435
150
387
204
219
311
121
72
486
137
284
442
66
210
78
239
296
74
296
452
388
52
88
85
269
193
310
308
285
398
216
429
372
146
363
260
227
209
418
173
245
364
204
356
319
257
492
419
173
129
407
135
267
64
490
27
348
178
129
216
136
166
273
238
437
44
4
282
35
56
389
148
420
286
48
247
118
384
142
105
8
265
82
158
350
188
338
221
155
34
181
441
180
482
446
322
52
92
380
172
256
62
427
294
14
409
399
175
171
272
141
489
485
228
27
459
148
226
38
309
174
356
89
2
106
449
150
39
411
61
316
42
457
445
103
308
359
10
106
28
121
334
167
382
466
375
96
366
317
215
291
376
470
452
460
471
470
5
197
407
347
356
413
296
400
270
451
10
226
199
370
362
452
71
45
337
392
325
498
158
18
361
476
118
433
16
293
88
334
52
436
295
106
189
310
286
45
498
30
141
384
161
182
376
439
279
312
265
225
210
459
466
346
301
424
109
235
359
399
434
138
374
321
309
349
232
113
235
196
228
128
241
180
238
347
51
175
409
447
426
81
360
389
152
200
348
345
24
364
34
341
362
91
457
109
207
170
384
179
379
222
238
191
13
120
488
59
324
72
129
149
304
266
414
326
450
28
446
303
52
214
334
302
424
347
132
251
262
13
29
474
118
343
307
128
485
343
383
292
404
68
144
431
168
146
372
303
402
121
161
480
466
15
226
112
136
147
122
225
10
293
94
34
488
88
61
44
83
482
450
329
228
235
372
138
79
303
4
149
96
342
374
481
422
448
319
348
94
286
91
81
30
223
430
81
258
334
120
97
464
31
77
476
467
279
303
273
346
187
287
210
97
447
365
89
477
63
168
218
59
136
461
226
118
73
133
93
489
379
432
141
488
242
156
55
364
320
230
53
422
177
277
432
319
103
36
357
55
124
323
344
429
361
355
479
309
45
472
351
98
450
291
108
333
73
100
349
493
183
381
195
49
144
144
3
362
337
309
243
24
3
25
477
90
362
180
394
424
183
76
72
1
243
181
7
262
265
39
373
349
62
213
129
147
325
269
305
17
282
333
221
109
315
190
363
423
319
67
110
300
148
381
467
437
101
78
189
320
459
380
317
6
222
379
430
169
227
500
307
192
403
35
177
406
348
8
330
220
356
222
117
94
485
141
84
273
56
419
196
245
220
47
361
159
409
487
344
248
324
287
164
361
48
317
128
285
87
118
94
61
59
317
39
288
132
488
75
249
364
174
469
153
281
144
182
423
353
217
423
443
230
467
353
365
408
467
26
385
371
57
417
342
362
41
108
1
449
308
115
219
328
194
464
365
335
19
58
262
201
54
13
85
56
6
372
44
77
453
404
487
264
24
421
496
264
426
47
64
494
474
226
83
307
327
490
297
319
252
329
191
427
167
71
161
352
433
353
103
58
117
48
231
439
100
43
429
288
238
336
124
183
418
264
142
382
205
83
323
365
237
343
348
277
375
266
493
17
26
29
348
93
409
237
212
237
101
417
353
484
219
99
438
295
97
201
283
374
35
112
282
94
212
196
379
462
414
218
408
361
113
133
235
190
204
281
59
417
394
481
175
2
147
190
94
15
254
1
431
108
89
337
400
354
337
397
300
23
401
100
6
397
459
94
322
393
372
382
376
348
342
474
488
196
292
273
196
404
52
292
409
317
307
208
477
425
39
108
4
205
429
487
459
281
160
424
68
333
379
387
296
245
242
404
246
392
33
96
299
473
8
61
427
20
149
258
299
366
388
87
331
219
319
441
482
76
193
304
381
118
183
173
53
80
205
474
80
418
210
115
490
331
126
138
391
318
45
460
381
310
135
326
324
199
74
72
6
222
387
397
337
314
167
364
47
66
91
470
168
281
48
408
55
411
265
262
189
229
202
339
207
363
305
126
131
263
286
398
272
61
347
33
419
73
367
417
19
364
327
246
299
37
339
230
101
41
255
197
258
469
72
54
11
323
257
148
235
208
499
54
313
456
429
230
97
34
380
61
462
120
375
6
26
264
422
384
44
333
385
69
349
386
286
455
104
468
381
131
292
299
126
114
54
52
488
281
97
6
281
187
395
24
223
98
315
470
354
377
288
80
260
423
170
100
431
317
250
299
418
243
42
207
16
114
428
435
338
178
12
258
445
310
162
196
382
186
369
246
204
373
425
420
443
460
405
398
30
286
323
244
273
431
8
405
379
374
78
200
311
71
308
124
172
299
35
283
200
90
11
434
409
272
360
25
34
274
399
77
94
94
50
444
308
6
22
359
219
296
103
366
13
230
471
359
25
257
25
430
204
17
430
246
389
86
259
86
268
44
190
72
156
423
5
267
372
354
337
219
291
418
240
316
403
395
358
491
233
110
316
197
392
325
240
432
120
96
251
190
466
292
86
394
374
453
283
465
162
70
60
360
338
93
462
367
6
120
490
207
426
62
417
290
142
430
97
453
258
262
472
65
416
354
384
283
335
341
12
258
498
409
426
274
298
465
8
288
371
158
175
163
337
499
21
351
214
321
319
278
57
490
360
429
118
112
30
387
203
121
376
13
285
111
458
276
30
375
14
347
267
97
479
209
179
234
139
300
430
78
244
446
500
135
109
15
286
456
378
153
255
173
130
323
57
389
422
144
316
84
22
416
187
100
354
67
40
479
276
281
219
9
297
4
184
413
227
254
234
482
297
255
493
124
175
12
21
197
313
304
111
387
418
408
29
242
49
296
254
188
282
439
166
296
340
50
261
55
332
107
68
15
393
434
257
492
295
211
59
36
1
139
101
355
325
294
474
407
433
500
281
5
240
369
159
449
402
147
170
272
456
82
211
472
292
10
387
175
260
229
496
321
351
129
239
300
294
162
312
249
276
154
379
94
426
106
381
125
158
200
422
6
45
305
88
176
373
249
269
445
219
92
443
215
151
167
198
100
371
175
319
401
215
349
415
268
310
447
252
376
283
178
476
33
372
36
111
101
320
461
481
154
123
454
196
195
435
61
171
275
486
325
218
478
186
227
24
201
96
65
135
498
3
431
152
470
461
436
40
93
36
142
440
324
64
449
68
274
354
351
57
125
195
317
455
322
7
382
286
129
226
37
185
377
110
28
240
306
269
320
235
408
30
140
390
73
232
391
325
216
8
275
397
443
353
90
136
375
229
136
53
325
170
134
324
297
461
143
261
116
231
122
462
40
13
470
134
43
397
40
117
362
29
129
395
244
242
151
291
119
160
270
463
344
484
88
10
209
59
396
96
181
240
231
262
359
16
361
297
46
94
214
411
478
100
301
262
115
391
48
210
331
382
466
240
3
186
12
167
147
414
397
467
67
454
281
360
108
31
37
351
194
51
289
391
477
494
150
321
229
120
326
423
34
242
13
97
176
355
266
383
255
132
151
458
246
473
323
244
148
235
398
66
104
263
353
46
105
397
370
27
382
239
260
436
300
261
51
14
351
413
473
229
369
119
288
276
117
406
367
52
449
35
289
478
237
401
456
333
460
473
176
412
401
56
207
191
222
265
473
308
434
201
386
365
19
360
383
107
299
49
292
144
109
494
244
223
24
183
422
12
121
361
172
198
433
214
420
214
305
415
40
432
415
123
366
47
482
325
445
445
323
197
399
216
164
72
92
166
309
206
48
146
360
174
164
264
373
198
309
6
352
14
114
299
31
485
37
1
192
125
383
134
157
197
398
439
372
401
80
373
34
312
265
172
357
47
122
315
4
109
327
203
433
149
24
401
150
379
361
81
161
75
361
106
447
234
406
379
138
353
407
113
175
100
2
197
1
164
375
385
119
105
473
125
272
300
399
314
300
379
353
364
441
65
19
95
466
42
358
340
292
459
90
402
301
250
104
77
172
338
55
310
144
359
276
107
337
482
221
42
47
274
386
83
386
81
279
262
414
142
384
208
281
312
425
307
237
58
359
290
129
147
176
424
10
351
414
161
194
425
396
94
33
232
398
124
91
2
17
317
498
384
326
35
455
333
326
43
182
83
59
218
426
25
195
219
500
318
21
25
384
146
239
451
157
498
271
109
360
138
500
385
389
392
57
252
131
246
257
389
220
200
42
105
161
188
182
248
464
195
258
39
235
366
120
355
253
171
88
13
466
121
30
391
18
282
304
265
499
342
42
65
417
225
20
209
192
164
270
377
379
265
313
496
46
273
297
281
452
434
465
199
443
267
394
212
47
261
357
257
499
381
347
408
390
410
186
180
419
421
464
37
258
471
140
340
64
446
427
272
356
423
37
109
432
157
143
129
125
367
290
459
80
448
236
304
181
140
491
250
204
463
303
227
148
386
95
374
206
116
55
267
26
485
280
172
43
169
206
489
25
390
290
241
461
180
273
364
104
154
282
9
2
394
327
346
162
165
328
268
271
262
185
72
30
443
106
379
274
376
358
332
164
95
58
191
463
37
257
400
11
31
320
248
240
130
18
491
66
278
129
151
461
258
114
60
61
47
98
191
424
356
261
315
4
363
187
291
2
422
153
462
385
379
155
60
492
112
417
173
442
370
428
261
166
117
74
87
250
349
348
374
213
47
12
165
260
63
371
430
7
182
284
226
271
172
341
498
375
15
34
183
261
446
158
394
301
261
434
291
8
171
11
440
392
419
304
31
8
315
435
310
393
174
105
357
71
354
351
58
106
447
75
321
493
121
149
36
490
65
36
434
127
480
93
193
418
319
40
137
498
50
432
368
124
104
436
189
104
242
411
370
116
248
426
63
138
299
397
267
162
153
298
92
334
201
480
43
161
240
256
372
340
245
481
303
244
141
276
163
183
359
259
381
400
173
479
31
471
271
430
338
37
353
78
256
134
60
193
113
95
249
492
454
97
367
469
41
200
190
301
395
416
424
126
117
348
22
248
88
268
402
457
411
106
390
376
366
90
285
18
296
108
318
53
491
440
236
301
125
10
324
242
327
110
347
480
140
154
178
314
439
198
437
124
263
60
341
74
242
221
126
408
139
405
66
412
162
53
426
440
172
375
254
151
383
19
500
318
338
458
200
482
205
465
168
330
224
56
261
276
482
225
159
196
363
499
33
189
306
390
396
417
440
433
472
51
213
488
402
224
333
471
166
197
190
196
33
61
336
200
242
465
331
438
454
474
159
221
84
469
381
462
452
322
53
287
435
346
232
79
476
383
216
149
175
402
29
398
85
160
499
206
214
463
277
249
338
455
62
297
181
425
70
187
220
366
230
425
240
188
33
199
488
463
227
123
211
198
387
496
138
268
306
180
235
472
64
224
10
434
341
237
340
295
455
27
138
151
175
100
374
117
210
467
1
291
162
350
357
383
63
219
30
292
64
198
384
22
349
193
34
36
96
36
492
30
25
374
463
306
210
46
112
113
242
53
11
242
325
437
13
8
193
290
86
460
295
322
243
212
299
137
30
483
341
80
398
8
284
209
324
172
268
300
398
24
235
173
35
396
171
86
431
393
82
374
419
425
60
138
305
119
60
377
363
175
301
259
287
229
438
374
123
425
25
193
182
50
452
455
149
71
356
378
450
272
63
193
290
133
184
5
495
287
306
385
300
489
394
89
89
311
110
176
183
121
213
183
319
188
391
79
95
356
313
398
19
238
112
325
477
42
328
170
159
126
405
157
23
315
259
328
68
310
107
368
11
302
230
190
450
67
309
483
260
379
433
247
23
40
148
327
341
81
165
116
478
273
43
284
270
101
464
268
369
172
145
498
464
334
468
151
310
199
428
212
382
283
62
411
209
166
110
231
237
207
215
251
483
411
395
155
301
99
170
295
439
209
27
16
171
306
101
63
409
413
230
179
188
109
448
496
270
357
332
371
121
1
3
311
324
104
100
300
205
31
218
326
436
31
428
149
136
262
238
124
243
135
318
402
325
57
494
133
373
262
115
247
498
343
59
170
382
153
320
94
407
141
91
385
277
20
192
321
136
95
490
406
279
413
228
375
256
368
264
279
68
29
366
334
27
32
218
60
199
354
444
433
187
274
469
187
412
93
333
449
110
360
322
420
8
137
101
437
299
109
420
493
168
451
307
293
106
244
383
463
60
49
266
90
252
431
446
393
221
318
284
305
225
46
148
295
271
435
244
233
68
240
247
328
131
178
213
357
436
94
147
440
14
38
146
58
486
134
394
417
55
322
353
262
40
388
464
257
472
331
62
288
334
77
291
423
75
110
290
242
59
178
159
76
321
169
139
161
363
204
182
320
163
189
403
1
235
460
33
69
332
459
46
250
133
445
280
392
433
352
441
498
463
167
95
93
375
441
285
291
175
180
84
100
472
327
225
231
27
484
123
64
263
440
339
141
463
99
235
64
457
191
60
6
134
344
436
260
363
383
135
6
246
430
251
326
51
156
52
147
211
167
457
132
76
387
79
103
117
130
263
462
355
53
170
390
249
334
64
47
491
260
90
246
113
409
450
93
32
138
445
500
296
402
425
420
251
329
23
408
447
21
415
429
269
64
3
43
109
10
482
290
182
20
292
258
29
176
214
411
357
355
299
430
68
208
357
328
341
21
301
53
456
365
27
91
478
124
381
209
342
456
387
215
430
257
118
240
94
450
74
57
292
135
291
323
442
210
72
340
151
380
20
430
231
70
262
359
119
496
118
353
13
134
422
236
432
138
72
353
425
89
75
447
157
87
203
198
478
201
82
257
156
244
419
437
27
228
87
387
2
122
279
95
317
482
69
249
110
85
98
420
421
478
499
204
212
136
336
35
500
100
465
345
106
53
171
281
263
417
234
384
88
472
200
278
122
421
217
66
337
372
367
71
390
322
294
203
102
170
300
453
3
212
465
190
366
466
411
278
115
453
40
324
81
201
111
326
34
199
302
454
272
303
458
244
419
154
224
286
60
146
186
107
215
50
20
358
220
19
335
16
434
168
212
215
77
353
178
459
125
132
322
144
27
124
229
60
376
447
71
267
59
69
194
423
174
401
275
71
207
340
326
130
329
417
23
178
416
19
262
384
136
309
8
424
293
369
489
136
402
490
135
464
366
472
435
137
21
167
362
107
108
392
331
71
119
398
332
261
475
38
343
129
53
230
104
492
378
327
33
72
289
94
179
428
221
481
3
197
221
404
426
12
13
187
383
444
393
7
330
458
387
261
157
94
219
372
114
68
29
308
370
27
38
227
27
251
352
52
271
61
354
73
249
241
306
120
72
329
235
404
166
417
10
310
409
490
396
256
407
354
245
193
59
237
159
285
140
371
4
74
232
475
460
280
377
168
189
414
203
451
286
457
132
23
257
57
211
330
287
171
349
67
110
24
72
448
306
463
27
225
199
223
425
53
173
67
463
161
191
300
81
167
264
484
224
97
443
189
443
226
25
102
177
115
460
255
211
40
138
74
104
206
327
54
209
121
424
4
62
260
312
135
334
102
86
135
248
423
466
98
462
341
4
217
377
228
342
92
16
463
486
181
101
21
86
117
290
498
299
456
154
498
287
398
62
193
216
293
221
60
432
316
100
129
128
125
75
6
78
100
200
267
96
38
305
339
303
182
280
9
148
248
15
217
18
439
50
453
450
58
10
337
138
52
189
308
404
52
9
33
167
325
44
460
217
45
270
101
367
261
223
273
212
202
237
185
223
441
240
187
310
56
464
351
447
88
174
340
392
148
485
407
257
377
93
121
190
299
445
403
413
460
403
286
465
205
430
478
161
387
470
281
353
350
230
341
430
126
248
172
163
342
186
102
307
148
403
441
15
265
413
176
17
428
187
144
287
257
104
183
446
103
340
418
237
320
397
10
267
8
164
331
148
191
442
385
150
246
231
198
194
199
200
440
394
149
283
219
492
80
195
494
316
241
478
136
378
290
259
458
118
456
405
459
349
274
467
251
456
265
294
15
189
411
41
114
494
135
411
374
249
55
316
226
290
354
199
376
315
50
256
335
115
362
134
349
180
472
320
107
157
209
395
344
4
453
363
25
164
360
282
481
109
309
250
339
200
32
99
16
6
297
64
188
21
295
59
233
314
336
217
149
294
420
373
8
461
244
9
51
7
434
477
130
39
46
367
421
19
167
341
41
290
383
86
28
347
255
49
208
473
439
366
329
13
383
204
297
60
300
302
120
197
102
346
319
428
308
86
134
80
136
391
239
289
399
374
392
333
431
298
46
304
218
310
312
280
13
433
483
119
228
76
303
174
91
437
149
488
281
324
31
322
399
86
95
52
163
40
181
460
119
7
86
11
453
488
49
319
50
120
370
189
2
96
487
273
83
228
364
81
346
318
243
497
232
31
226
348
126
171
150
47
443
304
347
20
151
185
445
476
202
393
62
168
482
88
476
437
493
307
142
112
402
286
57
277
298
403
266
444
172
461
134
126
214
183
208
16
221
94
281
241
447
181
373
381
248
251
401
499
440
329
445
49
245
251
297
41
7
246
471
434
100
145
343
122
291
440
155
124
430
107
118
11
104
317
105
390
437
327
116
11
293
191
65
51
413
381
83
112
445
308
166
354
285
159
311
209
301
280
470
249
346
43
298
65
186
180
26
174
103
355
76
222
109
387
360
489
367
299
8
346
64
469
363
70
317
481
282
32
259
359
409
368
110
110
315
69
466
364
11
210
122
162
426
400
60
403
420
91
60
446
145
53
430
84
317
322
263
130
156
396
205
213
207
427
295
138
228
104
124
387
313
301
415
439
449
284
310
54
29
69
422
16
240
28
10
484
84
309
266
480
204
81
311
427
400
429
232
95
100
218
128
445
416
214
400
334
238
390
13
215
30
213
322
492
245
459
42
92
487
281
30
251
389
288
407
467
496
377
219
266
367
33
146
24
89
72
456
49
414
294
157
250
328
376
55
200
298
357
250
491
455
293
305
495
215
402
192
442
193
387
69
238
411
253
446
182
428
296
121
135
363
196
407
81
412
298
339
407
353
341
71
219
219
208
22
83
406
84
81
414
229
272
236
143
349
98
456
37
40
274
341
15
238
197
441
374
78
85
204
262
481
424
284
394
87
153
214
176
276
189
85
82
64
346
383
174
142
415
28
94
350
431
318
347
11
253
403
220
17
244
492
391
64
147
76
449
261
292
117
244
3
472
225
8
114
489
284
151
483
102
255
300
83
457
456
9
230
165
21
429
293
40
283
454
73
160
404
404
325
6
131
297
263
446
163
283
147
231
74
291
368
335
74
53
430
112
245
403
39
479
392
32
88
435
144
470
120
494
359
247
86
244
158
378
241
39
215
355
39
124
75
334
222
207
61
313
120
89
452
328
90
352
189
256
294
242
70
266
449
166
390
73
349
447
282
453
228
486
293
404
378
459
74
186
362
102
87
183
149
413
333
69
207
449
264
179
203
338
359
456
253
14
242
146
24
198
348
199
414
341
100
387
105
491
469
381
262
215
158
396
87
269
291
290
94
48
283
405
255
326
399
276
301
180
194
44
15
75
125
421
55
131
38
333
419
76
348
473
51
292
461
99
84
128
268
52
346
253
147
323
263
316
132
128
417
455
331
333
276
44
432
295
29
313
479
321
319
460
101
466
332
202
106
14
397
128
332
253
396
318
126
471
217
1
301
241
294
483
58
396
385
170
418
155
196
207
293
113
253
41
405
153
90
68
22
336
207
42
452
50
462
176
240
8
455
282
89
19
201
72
285
245
427
217
400
345
333
176
203
197
419
45
446
391
29
349
65
451
468
204
124
275
440
331
166
399
201
34
247
411
22
399
456
471
348
373
156
98
2
465
445
99
35
282
445
437
391
437
399
454
204
405
1
374
29
207
465
315
288
322
324
239
355
414
112
346
72
242
497
201
162
313
404
160
162
280
302
404
276
161
89
138
39
89
27
416
84
318
200
246
457
429
26
428
156
450
139
27
179
100
200
34
328
274
197
439
100
457
83
74
150
434
33
462
393
57
284
6
43
455
309
183
248
86
472
363
141
15
369
492
432
76
157
128
72
292
52
191
346
422
194
312
217
288
310
54
116
98
47
459
95
87
249
361
401
461
328
12
484
136
112
377
225
133
188
325
268
281
435
61
316
211
234
404
376
399
79
62
194
389
313
256
253
349
184
26
70
477
163
477
387
411
170
269
238
334
104
389
347
213
133
338
371
184
52
116
200
203
208
468
114
183
202
398
318
97
243
368
95
99
291
270
224
112
54
46
165
455
1
125
174
28
113
448
479
184
322
370
201
118
161
387
119
414
337
311
207
47
494
165
215
320
359
46
376
160
418
177
318
147
410
483
347
360
222
156
388
51
150
355
394
23
412
337
449
378
429
161
344
91
106
31
470
338
361
323
387
305
366
364
70
430
447
198
14
64
100
69
199
18
465
246
147
62
73
311
195
184
402
189
473
33
395
93
353
367
159
405
436
406
359
144
145
198
104
446
160
429
263
458
210
62
234
332
3
246
233
26
129
26
319
278
134
378
65
219
61
319
244
448
470
339
10
54
249
237
49
223
31
378
385
61
255
497
351
405
12
149
260
324
237
244
42
235
218
60
42
114
139
293
303
94
488
462
327
218
386
311
20
418
152
241
460
43
97
284
189
178
21
35
278
495
314
358
380
91
108
198
260
366
238
259
91
481
253
1
206
475
211
182
408
394
182
2
434
235
418
439
466
449
168
92
301
345
221
423
435
439
149
76
168
11
78
347
99
492
154
282
274
28
345
297
231
178
477
434
355
59
294
432
479
402
89
48
476
277
447
492
190
306
57
206
260
17
21
146
437
77
43
360
204
106
174
272
355
289
161
421
329
359
144
271
103
311
52
345
101
325
262
327
102
493
16
350
168
46
168
121
420
160
258
462
351
458
155
394
150
98
354
457
234
381
155
328
194
99
175
384
238
212
349
284
456
330
123
248
436
500
46
455
86
433
179
93
450
100
184
32
311
497
240
105
423
101
241
41
487
169
135
177
317
317
8
296
282
306
484
131
190
213
136
50
244
276
407
297
408
180
183
148
461
206
257
474
226
105
415
366
237
151
152
250
199
76
143
65
329
12
190
212
130
411
106
270
87
87
270
264
55
195
66
450
233
264
438
146
300
192
370
476
414
215
453
381
380
65
489
11
400
220
88
175
491
76
500
111
400
335
113
292
362
417
421
186
204
146
1
334
30
484
275
326
46
453
59
383
355
485
433
322
288
334
459
195
169
358
234
404
136
302
6
472
25
43
214
443
64
166
17
244
407
489
470
390
17
423
335
277
22
193
372
318
165
170
498
370
490
46
271
51
330
105
34
171
41
278
491
393
397
264
144
439
15
427
373
424
106
172
418
158
112
356
170
294
310
249
310
355
298
74
446
154
35
267
261
366
470
241
428
315
132
259
283
55
338
319
329
460
427
357
448
20
114
18
20
90
181
426
450
227
36
340
31
404
27
492
232
178
496
351
123
229
83
368
78
477
243
75
56
238
115
39
83
109
126
172
79
81
10
497
102
134
361
109
109
447
157
478
57
52
477
259
51
465
24
430
448
250
216
479
135
188
97
215
62
443
368
12
81
302
242
185
262
257
458
336
170
184
437
394
130
136
408
101
191
460
268
197
410
93
14
125
369
56
125
194
367
331
101
233
296
440
346
120
358
86
80
462
279
349
211
142
84
157
327
19
229
192
391
50
118
357
476
197
303
77
351
150
217
37
2
327
437
179
22
273
56
202
84
211
377
122
121
8
440
479
161
213
112
241
63
282
477
64
208
190
158
141
210
105
385
331
107
306
143
167
470
399
294
288
411
51
226
83
355
470
350
440
98
480
476
309
175
277
284
403
246
90
4
256
30
162
191
414
164
292
286
11
250
69
177
447
31
499
130
374
217
458
145
427
227
92
63
191
411
434
202
144
328
337
281
176
310
89
389
24
223
315
382
279
89
394
236
393
242
285
340
103
41
162
301
205
419
268
393
85
266
313
321
410
308
339
286
175
17
235
281
223
446
332
358
419
324
394
441
110
169
213
104
369
340
366
53
253
448
283
451
366
396
268
146
315
327
178
312
344
380
160
193
154
69
108
132
450
473
75
216
255
441
5
355
309
296
341
31
189
337
390
292
54
462
241
153
348
422
347
400
312
8
160
454
245
489
330
465
427
127
362
143
290
316
150
407
323
271
493
255
86
39
413
244
474
253
156
309
500
117
15
196
135
287
391
376
287
120
500
161
336
496
494
6
110
28
411
358
423
202
219
115
423
199
267
63
199
338
126
175
401
336
300
272
200
444
336
201
133
238
459
49
291
235
310
299
168
220
346
373
369
378
267
29
441
242
121
150
346
243
91
42
457
438
432
340
340
415
406
200
439
265
395
107
244
273
8
422
492
222
288
89
241
493
233
10
26
70
270
145
322
397
401
226
423
336
431
470
1
478
163
127
23
387
432
211
282
138
220
406
6
112
151
224
497
373
425
421
496
215
226
140
152
131
10
144
450
16
150
218
397
427
224
13
496
478
488
305
452
54
495
313
423
414
108
105
284
138
123
185
123
374
200
236
64
96
285
129
208
455
450
388
9
334
257
473
163
270
310
435
107
497
157
371
23
390
70
331
481
408
373
107
285
66
301
329
296
249
202
152
174
230
1
52
428
126
69
161
98
287
115
278
15
223
134
41
357
44
293
12
105
186
325
241
70
272
432
25
475
182
374
90
411
382
150
243
105
383
434
165
496
451
323
209
228
193
290
350
407
446
88
48
237
150
239
32
228
461
498
500
328
245
248
373
290
184
252
374
147
156
53
234
320
225
452
145
168
424
391
171
274
359
348
278
202
207
38
371
168
341
279
487
318
46
362
364
474
94
435
100
131
358
14
398
445
161
251
341
431
200
98
163
475
271
159
67
143
257
228
53
147
460
182
360
448
85
207
105
44
59
262
30
247
373
42
1
416
416
474
144
24
298
138
78
59
111
115
326
382
247
127
483
444
219
354
291
131
50
412
488
42
470
168
165
321
249
378
73
179
298
201
215
294
68
7
156
391
354
30
286
409
214
469
152
96
57
378
22
114
387
107
224
452
79
317
286
148
154
44
351
12
255
123
37
397
254
461
163
24
316
261
86
315
382
475
72
244
239
57
210
98
342
151
128
377
278
460
121
108
182
387
390
17
77
175
334
112
89
86
162
463
463
64
458
231
193
455
431
468
201
377
485
225
449
195
13
179
499
41
439
472
110
399
412
240
8
285
182
153
171
406
470
352
173
394
218
365
171
197
154
69
128
94
479
92
51
304
184
381
130
180
181
210
403
395
4
189
292
323
394
409
117
275
486
214
84
40
437
182
495
496
366
117
105
313
237
241
28
368
467
428
168
21
35
403
99
173
73
367
78
107
72
6
392
305
225
43
58
131
495
154
115
317
39
279
209
247
150
396
299
8
171
419
320
395
174
104
34
49
387
407
237
55
91
97
149
270
155
114
145
235
110
76
404
9
446
441
13
235
269
207
66
15
77
445
35
55
394
443
276
245
357
254
393
96
383
272
87
342
49
172
379
229
336
361
389
240
422
160
36
428
10
68
373
104
395
379
464
368
15
80
435
354
16
317
356
364
464
274
295
209
48
380
459
24
264
223
147
174
382
50
13
102
339
287
333
219
485
286
235
454
264
43
221
226
207
78
343
169
103
366
481
189
105
483
148
285
305
280
310
158
353
120
228
430
482
474
66
435
347
293
302
415
492
37
424
500
435
472
334
209
107
499
170
46
114
360
478
232
151
424
440
278
27
73
399
276
240
396
334
230
278
146
307
436
3
283
112
499
118
135
456
24
134
297
211
259
441
317
405
342
218
229
177
359
60
104
82
342
30
422
352
246
66
62
121
238
413
290
127
295
440
378
134
320
9
499
316
460
376
183
145
42
23
67
18
490
41
234
178
345
39
418
389
465
270
344
411
297
233
381
421
434
181
65
9
40
295
496
343
467
308
74
152
287
367
40
73
369
429
181
257
48
303
363
373
166
58
406
319
299
120
1
122
291
223
16
85
399
466
222
210
494
79
1
74
471
450
76
331
498
421
119
62
274
368
449
67
33
434
281
81
138
12
483
197
58
139
500
318
132
103
373
240
74
200
113
213
443
252
215
126
473
145
492
170
181
156
75
238
498
296
318
409
350
461
20
202
122
314
490
296
52
174
4
88
341
102
313
269
133
325
72
97
370
112
364
36
318
255
150
351
500
201
460
61
16
444
221
86
200
63
134
193
256
100
172
249
278
147
105
440
190
15
67
376
80
457
78
349
81
366
362
378
214
327
2
219
325
38
156
468
105
304
51
106
321
427
140
156
383
374
177
241
49
225
80
299
216
258
36
271
219
431
189
280
148
297
126
2
193
235
243
377
266
419
232
4
138
434
412
31
382
152
496
351
219
275
286
374
146
346
298
278
303
284
32
97
218
162
117
368
117
140
126
205
22
62
426
122
247
262
130
496
3
457
53
39
253
1
425
26
364
111
379
213
303
442
250
330
141
288
332
446
71
72
387
292
372
59
380
494
393
195
369
366
276
164
202
159
398
316
316
462
102
307
305
329
222
134
206
460
313
129
103
216
352
497
70
224
73
326
3
103
84
284
176
351
102
255
150
3
235
377
427
122
256
246
163
265
339
289
20
9
78
337
171
363
178
36
183
178
12
490
125
269
204
266
234
169
358
495
246
322
287
242
397
260
350
456
63
86
185
246
482
376
66
5
489
333
443
85
109
85
149
413
221
130
156
88
197
305
318
175
23
372
357
190
49
143
188
28
363
422
13
37
416
420
9
219
419
388
455
333
142
261
123
269
354
68
20
208
234
397
319
336
12
330
132
466
257
322
446
338
189
419
213
340
378
442
291
81
11
67
6
482
59
139
250
188
229
212
234
83
192
378
355
149
376
245
309
476
300
453
412
425
125
185
122
379
356
12
495
398
275
320
366
360
101
107
332
206
314
479
192
139
468
313
357
399
78
106
366
203
136
307
87
375
31
464
9
1
226
349
197
499
245
254
315
425
133
258
158
55
340
226
91
357
338
77
146
156
406
251
83
398
432
166
410
186
357
17
47
305
477
152
274
347
299
255
8
79
108
228
159
82
392
393
364
144
37
289
210
277
214
277
141
72
240
279
443
378
32
345
223
168
500
339
311
178
197
358
356
335
134
255
455
47
447
303
353
164
103
38
5
299
356
459
148
118
451
455
449
236
335
216
221
129
446
255
389
494
109
45
469
422
287
368
447
134
447
149
29
451
362
315
461
324
370
172
171
28
408
271
361
291
252
414
98
326
122
41
195
472
311
191
283
430
209
294
112
376
322
225
459
182
241
142
14
19
15
430
258
170
315
472
432
350
261
230
226
302
26
285
270
135
409
496
145
52
345
2
452
367
123
66
41
272
190
295
261
77
158
398
385
348
186
440
392
151
262
37
248
327
176
39
167
213
452
429
112
71
161
220
465
417
201
353
67
71
252
305
324
408
315
73
192
142
418
379
190
384
494
116
92
461
102
329
312
314
66
346
413
367
37
202
337
494
158
442
439
272
315
129
11
286
381
302
309
196
496
348
26
368
414
109
366
168
42
454
349
217
438
348
116
172
188
13
127
122
289
420
242
498
138
230
47
483
146
274
394
113
279
149
464
469
399
191
324
447
154
320
122
257
282
121
190
99
246
56
382
381
220
67
177
314
51
402
121
460
172
181
480
47
330
207
364
19
342
230
14
440
129
434
411
185
442
402
69
434
356
163
293
451
130
294
422
394
444
35
140
218
387
17
119
303
29
152
322
156
361
394
404
447
373
58
401
259
435
69
106
283
86
74
158
48
326
241
490
111
419
82
39
494
332
150
316
483
2
474
236
121
228
174
221
422
282
454
76
313
213
228
129
275
237
74
216
20
398
312
433
37
302
389
441
403
368
86
186
283
329
58
431
360
248
90
400
290
486
421
129
77
102
239
261
202
85
424
314
432
486
454
231
263
348
454
70
372
130
181
308
368
74
264
286
367
10
80
308
131
243
122
151
424
394
138
16
179
423
233
441
463
20
317
220
183
334
40
283
16
343
354
125
388
372
79
411
451
396
483
156
237
266
348
350
158
324
210
77
87
283
375
453
112
168
241
253
258
290
170
294
363
128
412
312
326
307
430
46
115
421
249
450
235
381
313
477
390
132
291
182
441
272
187
208
232
235
462
162
338
175
370
333
275
38
439
194
161
70
434
323
194
312
283
390
325
178
342
436
409
44
195
104
98
427
215
449
59
385
465
267
287
108
125
238
55
20
376
351
485
385
57
153
40
101
192
357
294
212
339
474
182
49
300
229
131
100
287
80
351
412
291
311
437
261
351
145
88
231
218
360
201
228
463
65
466
231
233
167
430
490
370
374
452
163
313
187
422
464
336
64
363
492
289
50
349
292
54
41
65
226
373
143
473
413
317
80
345
272
77
249
368
189
365
342
463
447
288
127
316
417
223
4
167
118
65
453
489
130
94
142
277
311
189
483
14
431
377
215
228
282
176
7
264
229
269
361
440
185
187
8
177
184
421
229
148
34
345
13
314
315
3
130
250
271
103
29
19
132
235
473
92
113
252
230
379
136
284
240
384
262
467
492
92
431
272
91
19
62
479
379
197
104
398
46
475
95
45
383
94
134
221
428
48
271
173
370
463
33
331
456
410
255
374
371
288
334
449
268
305
150
381
5
453
302
48
245
150
165
435
285
235
136
123
465
159
372
64
149
256
55
137
410
164
59
309
378
223
41
96
458
341
258
178
177
313
203
433
438
458
477
81
475
299
214
158
38
369
60
230
95
173
255
362
63
266
322
445
28
164
357
236
81
461
383
42
462
342
334
449
65
56
365
444
208
489
188
350
411
481
15
473
73
430
58
254
71
356
444
296
137
223
299
202
417
50
290
136
151
332
466
196
266
199
200
343
169
42
374
197
115
201
185
495
460
158
30
379
211
362
499
410
5
225
450
215
433
169
391
197
365
205
14
208
348
378
150
162
216
152
354
66
56
3
306
45
451
349
28
396
322
473
341
295
35
84
378
478
137
39
402
141
167
460
319
406
335
447
490
225
213
416
496
209
69
393
30
427
347
391
262
223
213
189
443
147
389
485
112
78
354
54
346
228
316
56
275
126
196
173
406
3
181
477
388
221
466
151
261
46
216
436
251
346
84
36
246
37
398
356
13
198
240
329
312
423
462
28
293
320
309
123
215
450
97
60
260
52
237
2
370
169
427
43
384
314
133
404
323
141
193
146
276
197
459
74
472
36
123
446
184
337
436
331
462
449
198
24
128
258
13
348
381
266
321
50
47
299
478
362
360
222
500
173
403
276
73
419
307
223
26
265
179
112
206
113
385
370
30
67
311
121
244
373
294
422
64
488
382
454
237
53
226
403
249
269
324
182
245
267
341
9
104
26
305
58
4
477
386
337
179
476
399
467
110
346
234
464
79
446
433
450
156
98
253
204
225
125
398
373
25
357
39
72
447
386
241
182
406
258
25
414
482
231
491
284
38
354
92
214
375
391
230
32
52
54
204
458
374
488
203
288
126
26
76
163
384
178
305
355
348
217
449
54
460
272
62
95
372
132
222
337
455
11
219
204
252
398
375
63
230
82
190
411
336
481
160
257
405
489
327
166
210
217
190
338
116
483
50
414
380
492
97
370
463
35
418
217
249
392
461
370
484
217
77
193
242
140
217
320
35
62
254
75
359
240
352
269
99
190
56
256
498
172
132
114
366
128
125
427
416
325
417
432
315
236
117
179
275
222
254
284
179
3
220
237
88
350
185
253
402
427
374
55
113
50
486
35
184
418
447
88
273
75
21
34
184
268
245
245
434
419
75
218
190
28
100
496
461
388
273
241
440
235
395
351
100
239
354
371
206
95
244
233
404
118
23
278
14
333
84
76
70
62
33
14
170
301
72
388
127
56
63
495
267
318
226
92
321
135
463
1
490
120
439
11
350
185
289
435
417
294
132
48
111
373
460
290
191
266
169
11
68
18
125
319
414
279
426
161
341
4
59
216
36
284
115
51
284
234
308
40
14
289
182
102
133
474
315
498
381
375
341
286
303
117
430
122
323
274
346
46
145
12
189
277
184
143
493
174
156
492
295
345
320
146
73
125
478
152
71
219
328
405
429
240
463
436
498
317
51
298
367
305
307
200
303
468
33
381
79
140
335
400
222
46
176
25
452
4
1
451
426
466
424
449
133
394
20
54
199
147
256
89
277
500
357
466
99
288
3
64
82
20
267
116
80
431
490
471
268
305
331
156
154
61
179
127
426
269
460
414
494
20
305
87
318
385
225
194
420
39
244
189
177
48
302
128
165
148
477
257
170
305
113
183
436
251
410
228
163
353
287
61
19
325
95
41
417
61
376
266
42
413
37
463
181
207
434
30
428
274
216
264
200
314
147
24
9
141
373
95
399
205
78
364
169
289
439
107
400
309
313
79
217
189
65
94
244
344
15
207
198
53
125
206
246
292
384
34
388
347
469
336
207
172
84
214
158
438
23
174
97
231
27
376
241
114
36
491
453
449
299
389
319
471
283
172
270
455
343
299
457
237
491
5
468
376
445
460
443
28
110
376
181
65
99
45
118
262
95
189
47
57
244
401
119
32
119
185
122
81
186
475
429
479
484
355
49
384
57
365
337
73
498
73
16
170
450
491
363
2
485
412
169
239
139
137
432
279
128
103
108
323
490
50
464
436
318
172
402
481
395
435
162
255
82
309
330
84
216
361
421
77
209
53
495
255
103
385
233
101
18
363
262
311
343
199
126
150
130
183
131
391
164
303
13
500
428
200
245
244
47
334
98
234
186
143
295
87
145
161
211
56
9
497
356
447
154
84
89
408
265
41
445
4
262
146
411
393
210
186
229
22
114
51
30
63
41
368
332
493
160
48
76
312
205
103
95
496
85
383
242
148
405
91
138
356
215
403
62
99
357
446
347
480
291
169
425
286
362
208
353
31
114
49
42
460
353
80
239
422
454
440
491
178
446
470
337
286
10
168
307
470
24
329
39
289
445
483
83
55
298
271
459
479
129
444
184
309
445
358
352
409
487
179
380
184
125
357
67
229
50
474
135
364
157
253
368
31
272
95
116
223
89
5
443
408
379
33
196
147
35
381
159
408
410
143
173
233
52
203
492
117
178
141
114
353
301
97
290
108
289
100
450
359
173
432
145
398
434
252
112
207
154
50
300
215
367
62
331
327
323
369
430
258
399
251
486
113
59
304
211
31
426
496
197
137
445
53
333
157
327
325
469
368
222
256
433
24
410
196
110
86
389
44
125
360
399
451
72
379
144
144
203
383
454
244
348
17
435
44
69
63
280
256
42
305
126
65
468
183
99
163
265
248
132
127
61
381
146
417
184
368
418
24
472
293
370
26
191
91
47
371
270
427
387
454
255
96
357
497
323
228
76
448
444
359
208
20
362
202
337
440
30
97
177
284
96
478
430
457
107
480
308
300
242
86
250
1
390
250
11
37
289
217
410
126
382
62
460
477
439
276
300
356
69
419
239
138
368
213
291
275
86
167
314
284
166
477
299
352
145
481
164
460
478
66
281
142
137
66
326
150
102
356
198
21
253
27
267
111
109
316
25
97
309
284
137
138
54
434
182
129
363
83
381
460
169
93
404
148
390
291
412
234
217
146
46
247
365
60
159
316
11
329
274
64
178
484
187
373
353
463
232
160
159
320
256
204
62
51
266
191
302
23
376
8
12
226
371
496
400
392
401
73
289
286
3
337
101
117
150
87
44
162
83
330
413
151
100
417
393
355
276
370
303
87
135
426
491
237
456
7
215
198
120
94
365
274
348
30
77
46
21
106
399
288
321
243
65
121
415
31
441
39
469
243
255
251
233
315
18
453
349
484
368
497
279
240
111
228
188
229
447
276
12
218
25
459
94
206
219
255
255
316
237
122
472
284
147
369
312
433
89
340
405
320
16
270
6
483
253
68
138
93
370
494
254
431
316
341
288
154
432
115
459
420
183
204
291
249
171
359
236
305
253
386
19
46
271
10
159
295
432
57
419
363
221
269
353
273
83
207
230
466
261
297
421
212
266
343
347
399
404
175
296
492
55
258
184
281
78
66
207
348
155
74
415
461
484
129
373
252
276
326
17
349
295
174
35
379
109
127
53
331
139
69
265
25
445
340
63
47
68
444
59
145
352
476
335
18
200
349
386
151
477
76
64
473
99
240
13
478
186
250
172
24
296
22
348
118
443
267
360
477
199
277
108
325
138
108
101
411
298
403
434
163
33
310
237
432
20
486
321
149
233
236
26
267
85
458
218
23
491
253
127
92
342
180
462
17
277
278
215
50
272
355
415
394
425
490
319
228
16
15
483
346
36
193
71
8
260
63
232
285
290
393
112
61
463
161
178
60
58
17
292
439
473
362
289
381
215
290
26
487
471
141
300
498
309
281
111
428
227
174
446
439
51
59
428
171
498
454
105
57
121
285
412
451
399
373
391
237
136
89
91
385
123
191
407
34
417
82
179
470
143
236
146
231
278
272
72
236
4
145
3
13
298
19
375
92
49
379
70
343
264
271
327
346
216
87
167
314
446
330
342
238
155
456
456
51
257
337
157
126
139
360
39
286
354
174
391
62
289
222
15
495
32
242
388
431
78
89
256
433
323
363
394
480
106
130
137
478
111
398
26
35
393
330
484
194
159
320
451
222
76
454
297
466
240
424
299
305
489
414
404
147
448
43
250
491
485
49
377
146
8
434
430
443
414
44
347
247
274
294
427
273
150
100
466
134
41
202
155
462
185
461
28
101
242
430
303
18
3
103
376
22
414
273
296
98
15
225
256
269
69
278
176
239
394
181
455
4
179
361
487
34
438
139
99
287
454
426
236
228
379
215
436
349
156
357
180
375
227
326
160
57
397
61
29
259
278
336
343
264
144
407
448
328
398
112
425
386
363
195
139
426
257
182
440
328
138
3
380
137
69
460
339
184
205
463
231
169
25
67
359
111
193
100
473
166
444
465
236
401
118
344
46
48
444
29
496
495
342
440
263
240
24
396
247
204
333
295
481
297
117
150
207
126
129
303
91
325
2
28
397
421
250
293
162
42
219
150
385
163
425
142
163
138
72
17
194
354
203
34
32
122
384
161
23
372
403
485
376
323
125
171
156
179
455
154
238
371
463
329
377
60
134
331
492
59
150
240
344
108
391
205
247
22
119
373
203
46
484
445
316
493
131
277
184
121
487
57
169
124
294
269
61
252
448
74
361
240
189
439
231
180
274
158
423
242
264
314
279
118
121
320
197
53
386
349
315
183
435
417
264
330
339
111
41
308
464
56
342
92
263
26
198
67
314
445
399
150
211
416
275
254
335
254
67
32
287
286
17
89
129
212
232
416
465
435
377
377
213
230
52
81
447
55
495
148
149
274
338
65
269
408
399
461
37
33
41
447
258
172
229
379
22
7
58
138
395
181
136
26
109
92
133
473
478
80
288
480
81
443
296
54
75
30
301
291
427
318
496
236
478
139
54
394
462
190
286
443
413
73
237
314
372
29
24
109
44
191
309
191
150
207
329
405
288
428
417
115
403
20
44
446
43
323
330
230
403
178
35
371
16
153
237
46
446
263
363
157
131
267
206
275
321
89
173
396
142
456
375
496
456
173
294
425
456
84
114
5
354
201
220
373
56
434
40
115
472
485
432
303
183
460
265
9
261
172
319
255
389
138
297
328
76
463
296
2
413
130
376
336
132
397
188
431
439
32
219
121
400
152
243
440
356
106
395
169
124
35
87
36
373
129
226
443
322
478
140
117
243
217
335
298
227
261
72
268
72
378
127
178
328
438
385
262
233
361
